
-18.9687744
-18.9687802
-18.9687809
-18.9687779
-18.9687581
-18.9687497
-18.968882
-18.9691284
-18.9693266
-18.9693892
-18.9696481
-18.9697209
-18.9696312
-18.9696706
-18.9696675
-18.9697165
-18.9698173
-18.9697468
-18.9697693
-18.9695358
-18.9694256
-18.9694332
-18.9694064
-18.9692732
-18.9690801
-18.9691382
-18.9690915
-18.9689707
-18.9689942
-18.9689551
-18.9688077
-18.9687835
-18.9687317
-18.9687828
-18.9687764
-18.9687662
-18.9687761
-18.9687678
-18.9687719
-18.9687717
-18.9687526
-18.9687727
-18.968775
-18.9687723
-18.9687753