
-48.2704782
-48.2704587
-48.2704669
-48.2704867
-48.2705113
-48.2705274
-48.2705228
-48.2706698
-48.2706279
-48.2707511
-48.2708382
-48.2707141
-48.270538
-48.2705903
-48.2705894
-48.2704319
-48.2700898
-48.2700165
-48.2699403
-48.2695943
-48.2697553
-48.2696666
-48.269659
-48.2695838
-48.2695825
-48.2697247
-48.2698857
-48.2700996
-48.270266
-48.2704776
-48.2705422
-48.2705225
-48.2705385
-48.2704887
-48.2704939
-48.2704917
-48.2704756
-48.2704862
-48.2704778
-48.2704742
-48.2704963
-48.2704818
-48.270487
-48.2704771
-48.2704887