

-48.2452197
-48.2452197
-48.2452305
-48.2452338
-48.2452354
-48.2452441
-48.24525
-48.2452361
-48.2452403
-48.2452348
-48.2452329
-48.2452523
-48.2452371
-48.2452195
-48.2452245
-48.2452322
-48.2451569
-48.245183
-48.245183
-48.2450452
-48.2450005
-48.2447789

-48.2443775
-48.244316
-48.2442706
-48.2443743
-48.244408
-48.2444647
-48.2445388
-48.2446145
-48.2446802
-48.2446505
-48.2448197
-48.2450467
-48.2451686
-48.2452387
-48.2452721
-48.2454285
-48.2456205
-48.2457274
-48.2458909
-48.2461313
-48.2462399
-48.2460309
-48.2460624
-48.245891
-48.245772
-48.2456871
-48.2457458
-48.2456487
-48.2456552
-48.2452261
-48.2450509
-48.2449979
-48.2449787
-48.2451429
-48.2451798
-48.2451799
-48.245186
-48.2451894
-48.2451813
-48.2451817
-48.2451826
-48.2451711
-48.245227
-48.2452417
-48.245244
-48.2452364
-48.2452425
-48.2452407
-48.2452414
-48.2452434
-48.245237
-48.2452393
-48.2452421
-48.2452431
-48.2452509
-48.2452423
-48.2452474
-48.2452443
-48.2452432
-48.2452365
-48.2452439
-48.2452439
-48.245244
-48.2452317










