

-18.9215034
-18.9215034
-18.921541
-18.9215389
-18.9215362
-18.9215425
-18.9215331
-18.9215289
-18.9215402
-18.9215387
-18.921517
-18.921534
-18.9215255
-18.9215342
-18.9215211
-18.9214722
-18.9215067
-18.9215171
-18.9215171
-18.9213379
-18.9213963
-18.9213471

-18.921555
-18.9217354
-18.9217903
-18.9220379
-18.9221024
-18.9221823
-18.9226795
-18.922809
-18.9228423
-18.9230584
-18.9232253
-18.9232251
-18.9232057
-18.9232248
-18.9231335
-18.9230745
-18.9231085
-18.9231031
-18.9229634
-18.9229428
-18.9227564
-18.9223131
-18.9223646
-18.9220271
-18.9219167
-18.9217634
-18.9216051
-18.9214168
-18.9211414
-18.9211716
-18.921287
-18.921338
-18.9214134
-18.9215009
-18.9215186
-18.9215133
-18.9215133
-18.921516
-18.9215122
-18.9215176
-18.9215125
-18.9215042
-18.9215254
-18.9215373
-18.9215407
-18.921537
-18.9215386
-18.9215353
-18.9215354
-18.9215413
-18.9215366
-18.9215342
-18.9215332
-18.9215366
-18.9215341
-18.9215373
-18.9215407
-18.9215315
-18.9215357
-18.9215369
-18.9215341
-18.9215344
-18.9215344
-18.9215368










